cam:1.0266839091404447e+03,0,5.8341151698975386e+02,0,1.0309137903781775e+03,3.5284574108224007e+02,0,0,1
dist:3.6611337340190414e-01,-3.7834146227650272e+00,-2.8206355039795497e-03,-1.0670514921465358e-02,9.5417614503191377e+00
len:0.054